2131
2228
2669
2180
2811
2550
2567
2364
2296
2489
2484
1801
2330
2153
2055
2650
2765
2530
2714
2159
2423
2736
2385
1897
2036
2154
2436
2184
2281
2329
2486
1930
2230
2081
2096
1807
1673
1810
2092
1963
1944
2107
2240
1747
1889
1723
1810
1668
1516
1728
2154
2005
2098
2195
2043
2040
2147
2023
2123
1963
1842
1957
2445
2029
2432
2360
2192
2024
2081
2209
2169
1719
1811
1820
2046
2129
2261
2135
2307
2024
2225
2357
2002
1611
1729
1835
2153
2463
2416
2347
2673
2103
2455
2625
2097
1899
1964
2162
2734
2415
2573
2805
3035
2518
2792
2889
2783
2320
2315
2724
3153
2900
3037
3178
3091
2748
3028
2803
3091
2558
2601
3167
3612
2765
3437
3608
3429
3123
3388
3226
3409
2671
3026
3237
3613
3330
3926
3901
3869
3362
3451
4009
3679
2653
3499
3611
3369
3920
3939
3755
4252
3322
3755
4179
3647
2872
3321
3529
4037
3912
4141
4146
4483
3261
4091
4216
3891
3196
3424
3760
4311
3906
4110
4475
4438
3548
4294
3960
4387
3392
3428
3865
4340
4704
4710
4775
4515
4104
4612
4208
4558
3690
3957
4365
5296
4287
5179
5289
4937
4362
4692
4762
4883
3872
4542
4536
5262
4406
5072
5069
5131
4265
4446
4967
4858
3444
4190
4306
3934
4309
4002
3392
4037
2962
3352
3273
2860
2079
1867
2286
2544
2355
2507
2729
2854
2389
2628
2563
2560
1630
1487
1700
2126
2141
2324
2436
2421
2080
2152
2086
1995
1506
1499
1763
2060
1824
2009
1876
1813
1701
1687
1513
1491
1206
1138
1153
1293
1077
1291
1281
1259
1156
1042
1130
998
779
871
840
756
910
1008
987
1051
847
904
986
878
705
729
748
876
849
971
1007
1123
862
953
1050
886
776
755
822
1000
979
1044
1058
1076
902
1007
1010
1003
836
732
876
915
941
958
1042
987
955
1005
948
1002
796
835
923
1120
918
1139
1134
1054
994
1049
1125
1208
895
1009
989
981
1094
1251
1250
1236
1107
1130
1271
1153
986
1135
1169
1287
1202
1392
1272
1411
1183
1236
1304
1104
886